3.596211764677867406e-01
4.683468135992476661e-02
4.296212747201268861e-02
7.374056681748941688e-02
7.401365796042250200e-02
1.653472387657753673e-01
8.596628963102005694e-02
4.519497310833358109e-03
1.411318311443299500e-01
2.702474301840520135e-02
5.502719373560549521e-02
5.875162632558772469e-02
7.288639828700570200e-02
7.631920128633543077e-02
2.313647274080079738e-02
5.252663475770422696e-01
1.985272772477380751e-02
4.402576638327677927e-02
1.121718078556970255e-01
1.426570481804600651e-02
1.530612269420602960e-02
1.548679010571286652e-01
8.625969006041553366e-02
1.138307550486171993e-01
7.503170464802558400e-03
9.543334164427990859e-03
3.504435896428157587e-02
2.736563959581239103e-01
1.930661648497479163e-02
6.272849223037595401e-01
9.344531191084730348e-02
1.837179582463589408e-02
7.678762533693666084e-03
2.252185772927971924e-02
2.308120556190302874e-01
7.642613792457608746e-02
2.248096835612751199e-01
2.989160214640475544e-01
2.660178524386869539e-02
2.813321199624709348e-02
7.631806871717362883e-02
3.121101623595108274e-02
1.220498632019004388e-02
1.168355862404619611e-01
7.432091963758472031e-02
1.193001794332423648e-01
1.910009294081477585e-02
6.490331872857192132e-03
5.224790433306887583e-02
1.251839096091470482e+00
6.678229617460332279e-02
1.319348203762807370e-01
3.108380347734782459e-02
1.346538032367235738e-01
7.325032517344305660e-02
8.589266065110037068e-03
7.950820628684981961e-02
5.959933263419992661e-02
1.110247241591149348e-01
6.266324725230359993e-02
3.149547437246023179e-02
2.299710389615617495e-02
4.651196691660359865e-03
1.371409928933313038e+00
8.102221982771466990e-01
6.599065076767891558e-01
6.246791665097188861e-01
7.962874738760978843e-01
7.588159259315938598e-01
1.577729357261287380e+00
2.379854194344018126e+00
1.273080765898385813e+00
1.233116018841937667e+00
9.592270837490780577e-01
1.316194176438792107e+00
6.144637469481530889e-01
9.463890894939027687e-01
7.792019006697482597e-01
1.026593717619771917e+00
4.201838160234047659e-01
9.634103578238643051e-01
2.432023316926896328e+00
1.288998497422406020e+00
1.067659898970458210e+00
6.453856640395894129e-01
5.801896848374326066e-01
7.206270189894433686e-01
1.146589719384344175e+00
1.717246276591021692e+00
1.027087051242922211e+00
6.697742746475722209e-01
9.835593544710187208e-01
7.748755066985519857e-01
1.057096748723955315e+00
8.473927686773177204e-01
1.489091260758777180e+00
1.231775298464309332e+00
6.549567261911650728e-01
1.172704150224533226e+00
1.430710148729031905e+00
1.821996682797249578e+00
9.895265492039931887e-01
8.898246084741268103e-01
1.410179087355769134e+00
4.605489609023666331e-01
8.978046077529336921e-01
9.506374003354478575e-01
1.254797421477418240e+00
7.481234906472513657e-01
5.700753932452856665e-01
1.388813472864853349e+00
5.229560580315218976e-01
1.170012290970885216e+00
5.941410533501757518e-01
4.643156881732545260e-01
1.326419518301301448e+00
1.653351775544401825e+00
7.552244039250847196e-01
1.329425943013176070e+00
9.709011215123973804e-01
8.578477311952575901e-01
8.614035035023488440e-01
7.008330710687571408e-01
1.150090196367880679e+00
1.715976788055312063e+00
3.309242492963401228e-01
