5.089426367642087279e-02
1.994678881923402092e-01
3.900079570240366778e-02
1.111763821989244193e-02
1.284968029810234190e-02
4.272069361049752462e-03
1.237586684655360772e-03
5.417619563231225802e-03
3.161693597823415480e-03
5.467067881199966228e-02
1.741681641577833353e-02
3.161204021282223737e-03
4.692962711868500086e-02
4.159364278190227915e-01
8.403688596087135684e-03
1.563435805312678260e-03
4.155444381975996471e-02
1.031455008200108991e-04
1.090944725908773571e-03
5.726325971338317583e-02
6.910622887309538100e-06
2.590308687598723639e-02
3.692513904454956157e-04
2.615950114106919792e-03
1.776455246247805593e-04
3.149342646690460323e-02
5.003091151687226457e-04
7.843651124281481035e-03
6.795518652997030104e-03
4.545995720504834164e-02
8.909019688902392389e-04
1.887772434534770380e-03
4.884494483422032601e-02
5.419810837679439434e-05
7.018399136522701599e-04
9.969345587475855188e-05
6.506272109082139599e-03
1.344342970268890547e-01
3.805486145746033583e-03
1.738438227939290495e-02
7.916394780468554576e-03
1.869148217627969899e-04
8.204643599040006147e-04
1.643766030454811219e-02
7.824043715278172989e-04
7.565921878134194891e-04
6.897015358554035858e-02
1.376097978285041688e-03
3.053451066044049890e-04
2.736669567130184041e-02
4.444421418593118567e-01
7.359397076837134906e-03
7.900540762280447047e-04
2.046678652131458109e-01
8.000512761502176495e-02
9.446711483909544810e-04
6.111433928242899528e-03
5.699999270251469505e-03
1.281141292208461276e-04
3.111251592524952488e-03
5.245153650228613585e-05
8.534430500960560545e-04
1.415033598082501929e-03
1.774763251253592619e-02
1.494439301171536787e-04
1.544533414549937034e-01
2.559448989886934657e-04
9.063376135602970850e-04
3.967238016463563686e-03
3.238553497915789246e-03
2.424546789899293623e-03
1.260462517120783735e-02
5.407365334018988164e-04
2.995864711235127556e-02
8.995277223443469417e-02
2.133387632993758365e-04
2.529940880513378517e-04
1.845710197153325484e-04
2.256854714712561247e-03
4.474485129594610311e-02
4.705414369218413051e-01
2.171714883557105194e-02
8.363589957873536344e-05
6.384005362663339785e-04
5.111541871199835625e-05
1.184357393009919995e-03
2.677452165853504845e-02
1.843856363204519140e-04
1.536499496230035559e-03
6.365071740731496897e-04
5.129498080984274538e-02
8.814328555949407784e-02
1.881098424447993835e-04
8.055365993990023631e-04
6.804555259618731977e-01
1.263143365963829423e-01
2.620035244106598809e-04
4.474587271647005593e-03
4.108312155164191206e-04
3.302093596705212714e-02
1.334509955166609434e-03
2.237250932760312394e-02
5.309971211464533519e-02
2.196846986419313547e-03
5.705642187685923579e-03
8.913030268255026220e-04
1.387654442026773575e-03
1.448008088684953998e-04
1.149747759530761471e-02
6.828240177219968912e-04
9.538509534099300080e-03
6.661867442916879416e-05
6.430183528700442490e-04
2.930211716967967041e-03
1.824377615078653258e-05
1.618402095197574555e-03
3.618200096248873343e-02
6.733729369814899614e-06
3.060036746454188310e-03
1.164876417395774300e-01
9.100359339530969180e-05
5.553355318990931379e-04
1.063479468328275670e-03
2.536276291019458687e-02
1.825205494724397443e-02
1.497143026268970764e-02
8.664973034095574747e-03
9.592800365905258808e-02
4.635304486015542620e-04
5.721287707761208395e-03
1.607875693738094894e-03
1.773388386880959218e-03
2.071596017666633149e-01
4.729498859866156958e-03
8.239410872542192758e-04
1.445435340821621742e-02
2.566726770154976437e-04
5.209200701738606228e-03
3.277849240591456937e-05
3.892282551034452389e-04
3.270742388745255806e-04
1.349118440537711017e-02
5.159587099571276772e-03
2.623654090243155834e-03
2.477205829131666763e-04
1.497611405300335919e-04
1.524524374683613320e-03
3.785135173143874474e-03
4.148427928671721008e-04
8.030128046228776975e-03
8.341287404478613110e-03
2.068538257428924383e-05
5.239184420198152344e-04
4.422742063371094953e-05
2.491919200894091302e-01
2.051744342890651773e-02
1.991903429936542260e-03
6.452927206248363919e-06
1.480807409724059802e-03
1.258449548079235017e-03
1.258853795183096924e-01
3.736490223717213780e-04
7.249416278435264871e-05
6.613610921430566197e-03
1.141500249822597225e-03
3.830285174371206303e-01
7.452482803836330905e-04
1.112690378924876232e-03
1.252150693054161895e-05
3.498523216017848485e-03
3.576090205228136219e-03
3.353726211596778743e-03
1.712623763325401283e-01
1.964078698373435215e-03
1.296927596250494474e-01
8.703352728212490619e-02
1.038933475411491225e-01
2.452024511174549781e-02
3.051302923925035965e-02
4.279852821223686064e-03
4.906837395152636137e-03
1.923964671629685430e-02
1.381318853968325350e-02
1.966416222408331246e-03
1.689483902714547237e-01
6.652004600919397131e-04
1.131219458561053427e-04
1.433451727613981215e-02
8.471735269022727909e-04
1.613145261124962222e-03
5.007366348444530871e-05
1.998458510833041497e-03
6.806012641845121279e-04
2.312683071703929580e-04
6.758228815090665254e-02
8.600915711606752086e-05
4.767537514839202380e-04
7.038553572643112266e-02
1.250973819553925781e-01
2.229480401884972179e-02
1.255187526787334730e-02
6.250710337709194410e-03
2.744111406301266536e-03
1.517137441589359176e-02
7.725755408495782288e-03
5.647857470986064610e-02
7.833658962766275324e-02
3.173896637590702119e-02
7.224508265614127192e-03
4.914351970204320491e-03
6.571383525228508991e-04
5.100184131354277320e-05
5.326743804503603595e-03
2.988515173087804427e-02
1.959898829515838506e-02
9.034110128465592041e-03
8.711456977819866110e-03
1.190751386201200452e-03
1.298853479725085381e-03
1.127504458282055227e-01
4.647149092789617728e-03
1.991040393019705233e-03
5.016081912475224211e-03
3.475179983296865921e-04
6.066479002388353720e-02
5.125887422263134680e-02
4.619868479178004805e-02
2.787500758561641066e-03
2.162149261262861534e-03
1.895858743014495031e-03
3.158926693840669042e-02
1.504666875947865273e-02
4.146308516960189525e-03
5.701466036648287355e-03
3.413853332839690558e-02
2.675264152902335438e-03
7.398265683604674826e-03
4.009766389747154020e-02
1.113603162748260343e-02
5.404003852558208869e-05
1.456314552855425375e-02
8.051538993213454634e-03
1.807585525192723953e-03
5.556121237128757405e-03
1.399583088549040746e-02
8.392144327272543780e-01
1.883417159539730115e-02
5.376131920253945928e-02
2.853707710764320435e-02
1.453753871728992453e-02
8.090680441477052232e-03
1.435032784606244116e-01
2.214841223658014471e-04
2.639951235898519441e-04
1.777756453478966745e-03
1.021003949372465726e-02
1.875045472057010679e-02
4.738725015916504281e-03
2.716075161633544526e-04
1.578829794898921660e-05
4.281971610624428493e-03
1.196351797673302596e-02
8.728616225591405821e-05
5.078226150691011326e-02
1.873377801380443283e-02
2.081016859046800910e-03
3.899396019525642456e-04
9.044955901704286594e-02
2.178565228441568802e-02
1.785100244284487572e-03
9.861299524901308636e-03
1.567999292678553744e-03
9.323327472279775360e-04
4.131082687763555639e-03
9.434894585199433059e-04
7.051025206031723627e-03
1.079601464039759220e-02
9.624796632847539002e-02
1.315442713768623674e-05
1.505368402798749373e-02
1.190056931589919265e-01
1.686904311841406698e-02
9.185935570290619523e-03
8.823067497491563979e-03
1.360924486585305022e-02
6.468824116449546592e-04
2.014183225176270908e-01
1.946136894404902964e-02
2.601252581564618416e-02
2.371185878060581755e-03
2.192817533153417365e-04
3.628752192763996885e-04
2.010048542468575311e-02
3.636150643071376851e-03
3.376654022054813992e-02
7.139361953013613493e-05
5.337668047272686039e-02
1.202096944102734784e-04
1.978206966959091071e-03
1.815936507751705247e-03
1.981272255621669212e-02
9.476880063130904697e-02
1.015763952264370261e-03
4.418799806246391862e-03
9.682862789885889098e-04
7.160338253763684686e-05
1.294558009878941061e-02
3.332523321602316388e-03
2.220096446788592630e-03
6.933260968247669225e-04
3.719502637604765738e-02
1.666973021703390908e-04
1.843077914262692893e-02
1.994057455783442706e-02
3.348371469973685617e-05
3.055354626908997947e-03
4.017860932216066328e-02
1.391186797289305959e-03
1.435218202740488399e-05
5.133747802929388045e-04
7.928284942018977433e-03
5.886119016159024409e-04
1.415169891615067344e-01
8.146671602230261830e-04
5.449165524999939093e-03
5.154876856404651264e-03
3.488583148178905739e-03
9.578604888230820224e-05
2.506176557607677196e-03
3.366558443362916569e-02
2.749753209707415675e-03
2.735010629224965276e-04
1.438789126666621156e-02
1.631790337132868322e-04
2.194802098125014575e-02
9.312966452673449025e-02
1.549101597226871900e-04
4.258586866268614752e-05
1.696196535128930427e-01
1.140233109241453185e-01
2.403581086488738722e-05
3.317099838532645557e-04
3.308520078146411081e-02
1.577080880535662198e-03
7.046700067401524825e-02
4.551470007443815524e-02
8.782735100083016722e-02
1.099245856618340789e-01
8.494624899344010993e-02
1.521799590916642769e-02
1.223889742445054306e-04
2.879028704391286067e-02
6.376250608161421424e-05
5.136470511826885313e-03
6.453975337001890411e-01
1.240214679077829632e-02
3.943745116656927618e-01
5.858053547814927320e-03
1.550240569930433528e-02
5.034205874348960568e-06
2.422713852921358613e-05
5.173255855975495560e-02
8.550262727959591080e-01
1.770927746310027029e-01
6.046279682025408695e-04
2.110750300776149534e-04
3.295468562737038573e-04
4.725666799337275431e-02
7.292193713840279534e-02
3.904850647820340523e-04
4.264312126550436066e-02
4.171477046747600406e-03
2.726824927066479609e-01
1.465699283123520703e-05
8.995345928727364838e-04
1.061158807150405656e-04
3.019882849533179342e-02
8.816624864195772571e-03
1.737755490115687083e-03
9.617009438621504369e-02
3.040749240372788223e-02
3.324893286047388456e-04
4.253795505095146062e-02
2.388621219579170878e-03
5.289009101110225819e-02
9.588301038895455930e-01
1.752411371387854440e-03
3.183277180785694014e-04
2.191102156315085647e-01
6.078487253390022493e-01
1.368971032132618474e-03
3.468256174668310162e-04
1.488447331157623406e-02
2.449331424179340428e-03
6.902985211005581000e-04
5.930296382342313544e-02
4.075049928351739091e-03
7.841098807481379843e-03
7.279917530795394949e-03
9.861415974722741867e-03
6.561314070679150068e-02
5.182714987527454326e-02
8.606782746262065431e-05
4.463380218037998220e-04
1.388342458786352750e-04
1.844778409302338940e-02
1.630379307739556263e-02
3.470988850297645600e-03
5.098656181701298473e-02
3.477504481134168629e-02
1.781796887502520464e-03
9.309003099737055142e-03
9.528845955764926601e-02
9.835905565061420653e-04
1.080290088848772983e-03
1.497413588272027314e-02
5.132881560553018835e-02
1.127397102139428243e-03
5.150018470861810610e-03
8.889385729979759230e-04
1.003783557550261794e-02
5.144129348545950020e-04
2.700759517234008721e-03
1.240138192013320612e-04
5.109791087837799997e-04
5.708409657989280041e-04
9.930015893238058541e-03
2.144778446475539228e-03
1.803608472735527104e-03
3.000707862049675767e-01
5.640283999348416621e-01
7.762620125202259608e-03
1.136200872852543076e-05
4.782174259048224858e-03
6.044859369205513901e-03
4.332156148270216293e-04
4.613169247055701715e-03
1.174888861497445369e-01
6.291925142560170995e-04
1.676760827242117224e-02
4.293357617044900668e-03
3.335819177522520579e-02
1.048665637559610171e-04
7.743642676541824532e-03
7.726263574981389465e-04
3.411737811875305889e-03
5.137868007644008769e-04
6.329239786658633809e-04
2.837952499937142496e-04
1.853832202949897562e-02
1.974211169836416480e-02
6.800223593955573298e-02
1.286087723071786121e-02
3.100355580019680240e-03
1.394999792329333068e-03
2.519389472090763360e-02
6.386405438226129272e-01
3.253435280439311711e-02
9.660493399395507150e-03
8.455379455102232222e-04
1.487116329637644570e-03
6.105758943673884886e-03
2.873315864967832586e-03
7.227283477230174360e-04
5.298993474008606994e-04
5.410023143897429478e-03
1.434492000693858918e-04
8.730578014372549281e-03
1.491360143110841661e-02
3.750897990527253534e-04
2.422509459025106587e-02
2.190467500314463231e-02
2.451241044156016462e-04
1.283704154259572442e-04
2.228865306398392782e-03
3.209392490378096263e-02
5.263536682845205809e-03
1.537841695116221041e-02
1.121691864072639792e-03
2.574987731914916739e-04
7.558268887477149860e-04
3.303291422699513279e-04
2.505449889012754342e-04
4.375500855557843370e-03
2.590818169682901906e-01
2.913201556640542065e-03
3.333680520025234569e-03
6.074973832246537836e-02
7.347419465791856039e-04
4.192121145829994715e-05
2.406524234330521816e-01
1.851668433645556333e-02
2.382018538997259655e-02
3.640616413520355449e-02
4.661848713089336208e-05
2.832462580428664767e-03
2.635720760814002327e-03
8.100956777638154693e-03
2.227852907997029119e-01
4.544092041567798529e-05
1.594453360409347565e-03
1.854293036338023129e-02
5.271387813132068396e-03
2.880019417838975611e-05
1.926210652748162845e-03
1.736925667680453680e-04
1.014768408761767930e-02
2.193310698700001032e-03
2.128328295133970205e-02
3.213824195637279141e-02
9.584562155478293377e-02
3.486843241641708335e-01
1.347881360802420918e-03
1.969527847975117985e-01
2.606327681622911622e-03
1.762270905317298800e-03
4.673182158177211572e-04
1.033912161991480753e-04
8.623714117123523759e-02
9.599547327840285567e-05
1.303370727849399897e-02
1.842535316607508272e-02
6.079287937681867107e-03
7.911311013767424738e-02
6.009248781419590513e-02
2.468413710056983619e-04
2.266293672451458879e-02
9.532227235809070400e-05
1.119346234175574242e-05
6.159224097834306881e-04
1.529991301160663541e-03
1.056980489389768192e-03
3.868787071320897589e-04
6.008337669319246954e-02
6.079750600937270516e-04
6.594191805404832074e-01
5.379785209796889055e-04
2.964816315971589931e-03
4.150040628456224366e-04
8.062358725499666140e-04
3.819653240232685635e-04
9.147767620485686146e-02
5.056586102322596643e-04
2.654143710048145147e-03
3.169154150964220706e-01
9.022652743846752135e-04
7.255790608192616955e-04
1.638892376516447313e-02
1.600038714294284986e-02
1.530121158038535338e-03
3.465011947911848859e-05
3.662829727760411437e-04
4.988906455586038929e-03
1.909504857858662652e-04
1.652604737535034790e-03
6.922890415638886276e-04
7.479509768430214495e-04
3.693794070471516020e-04
4.012292906210222190e-04
3.118920666049616462e-04
1.481541924325414776e-04
9.138278635115605619e-03
2.346360114551862552e-02
1.569471372011023674e-04
3.133167392004772012e-01
2.118226710748966762e-02
2.960206298234995242e-03
2.959927522943555864e-03
4.167709340033956306e-04
3.001688705567733331e-02
1.541297455528235858e-03
1.811460984594871759e-03
3.414684481989798738e-04
3.373226288568357267e-01
9.291898883001969978e-03
6.652981996690887460e-03
9.623769329284777730e-04
9.699964520407080147e-06
7.470359572827195600e-03
8.693148713529912173e-04
1.783126492856439908e-04
1.533875018252910767e-03
5.992013390804095546e-05
5.138366153918477730e-02
1.322525817212024356e-03
1.510247375930921510e-01
1.291139082497599032e-02
4.300736156774076502e-02
9.803794002832392530e-04
5.072055721260122600e-03
3.025662190415710495e-01
1.133541555944703313e-03
4.812587819478768812e-03
3.465422850389164866e-01
7.519314433125761851e-03
9.611504559480998845e-05
2.500582592733805939e-02
4.482523663757186777e-03
8.242529944537644454e-03
1.915979970349134670e-02
1.042573140966968938e-02
1.247003795403590432e-04
4.643150884544656781e-04
2.297708626859152475e-02
2.321124156212358847e-01
1.610156431892009743e-02
1.471099423445990529e-03
4.420385932044785735e-03
8.539310165493241333e-04
4.324645077710648580e-04
5.460303445377714948e-02
6.424115983166219790e-01
1.434455212268056330e-04
1.648936045533339024e-04
6.904354186487533449e-04
2.854592497413964165e-03
1.504833486219484288e-03
2.398019206502165072e-04
7.253977943478288545e-03
7.881137774671057028e-02
4.937924187174224100e-01
2.243452845872731614e-04
2.887794391170010744e-02
1.431505010572917775e-04
4.476020256883379844e-03
9.566555819800603294e-03
1.120212189656241523e-02
1.409355599645600171e-02
1.718752751360404230e-01
2.348151779872971359e-04
1.488422173954734827e-03
7.817787358290804664e-03
1.766070693713671647e-01
1.518656887381314923e-04
5.233712334077864937e-03
1.443510584516521462e-05
7.895095838894330932e-04
1.472866776818034787e-03
1.657308702556064021e-03
7.494860549651699479e-04
4.550384979818437176e-02
1.371051170868005816e-05
2.128352909088486802e-02
3.284176497056315899e-04
9.293588308919673024e-03
2.992811919113284999e-04
2.038402551870698715e-02
3.092302292269779804e-02
1.350628918678767887e-01
4.249759358073364234e-04
1.995893937689704745e-01
1.122951003942924963e-01
1.907142948761672008e-01
3.000448682583472127e-03
1.394950107053296029e-01
6.998952182733705896e-04
1.704915376367377167e-01
5.023420608178126578e-03
1.159369005099536833e-03
3.915800049329119228e-06
1.267964612556631183e-03
9.319055537469438447e-03
2.086387774294467395e-03
6.039153199378743953e-02
1.609180478256334867e-02
4.743197222085840381e-03
9.153479456899864470e-04
2.360268441467016504e-02
1.183728515204839939e-02
4.353192801865263251e-02
2.840475372613939647e-02
7.992525589878226450e-03
5.047879673624856151e-02
9.738093096286429967e-04
3.737852810205382335e-04
2.028235659730879550e-04
1.832616968301930063e-02
9.811285206642923751e-02
1.821076161086902442e-02
4.030360186275795675e-02
3.872263129008134824e-02
1.616806191114929583e-04
1.343901549370295342e-03
4.867883146223211423e-03
1.957007885301064731e-01
9.442259159536189536e-03
1.348041786555062571e-01
2.452024758948004399e-03
5.346680715322712010e-03
4.967791685122259319e-03
2.201592315077917708e-02
8.146137473543325555e-03
9.766940466586770953e-03
6.142605932501982863e-02
2.852470189929814243e-04
1.181581457182960537e-02
1.487994148086621820e-03
6.193075048181789701e-05
1.956176610363493914e-04
9.186567483521930477e-04
1.585141378507477512e-04
4.162966139640106485e-03
2.110181450142140439e-02
1.561389546197297726e-03
1.085008237514648380e-02
9.144705776697692424e-04
6.804631364119300904e-03
1.136506693220363292e-03
4.524802334456881625e-02
7.370618730263691970e-04
9.862212819167702760e-01
7.030971942011904688e-04
1.546549472971374612e-04
4.697662840396630343e-04
3.914731599631046492e-03
6.171937679134223975e-01
1.216362929460190149e-03
1.880498725214025182e-02
1.732936260137926329e-02
3.909199215369522223e-02
1.284618480518112150e-02
2.648867834549401001e-02
1.783838890794640225e-02
1.287438960893034362e-02
6.043434093493654097e-03
2.866693860338655479e-04
9.374175254996945650e-03
3.020213768644884264e-02
1.292711768715822281e-02
4.258617278200679205e-04
8.131316079853931822e-04
2.042503444213617913e-03
1.452532351913985017e-05
1.757977096231285287e-03
3.050233067514867766e-02
3.593423569355358969e-03
5.446554682660039977e-04
1.827237533181735180e-02
6.056102595558126439e-02
3.845198683676331886e-02
3.784610723601086052e-02
6.317230971761351901e-05
1.553463790709030089e-02
1.264903874782576402e-03
1.520085359886530312e-02
2.162892106785221317e-03
8.962741070045172551e-03
9.997354202106520371e-02
1.289368827181069238e-03
1.489484472014579886e-03
1.823919107193539219e-03
1.528814630148732645e-01
1.049125737576764349e-04
3.501649145038181351e-04
2.477560325493032706e-02
2.933183146273157771e-04
4.845292912766573368e-01
6.703862048185586786e-02
2.460528791902081777e-02
1.065579274722018230e-03
1.363522844861482465e-03
8.236228458416922429e-03
4.662414021061541541e-02
6.120544223566117123e-05
3.677085532737962327e-03
3.153133619967519400e-03
3.566070333998848721e-03
1.952432078999048227e-03
1.188971460448330977e-02
5.682737307631387236e-02
7.786005363736751839e-02
2.399426708344735981e-02
4.504453789957101051e-02
3.122876593283748561e-05
2.545441827189096041e-04
6.838527213128013996e-03
2.913152382869094170e-02
1.405174112310703192e-03
1.264735289800367202e-02
6.091938544037419365e-04
4.102754843537618893e-04
2.321113049344865516e-03
3.779465822028746369e-02
1.750713249297197998e-03
7.231780689668823071e-03
4.748270924316171961e-03
3.713134475410348988e-03
4.632810716898971403e-05
1.154400625948186349e-01
5.785330168210040067e-04
8.873108069717345822e-03
6.971259214037767160e-03
2.018552252951969633e-02
2.587706090620976729e-02
8.803288202715200961e-02
8.937222864509000719e-03
3.179241197382762338e-04
2.317976961990064755e-02
1.162743746258447855e-02
9.103220270115123603e-04
3.789528496864870362e-05
2.546079083030989079e-02
6.357513509507072350e-03
6.376266273921286053e-03
5.153207841762136483e-04
1.271686250259029274e-04
1.548531584193163502e-01
2.793766885308073640e-04
3.039785914818823146e-05
7.621688283293901302e-05
4.520743675972114899e-03
2.935504581091647608e-02
3.266825457109105019e-03
2.702029369550985605e-01
3.885796255697023666e-02
4.252154925386338914e-03
1.058556730334544787e-03
1.208724322975448379e-02
7.981375690724519870e-03
4.937945855381457860e-02
7.680371272518187777e-03
4.914991141878921437e-03
1.819852574587376981e-01
2.397092497207115383e-02
5.342613190111341725e-05
9.014844607510945351e-04
3.646719998359898855e-04
4.652169212588487339e-04
3.038001586797853606e-02
6.648075067281323580e-06
4.329806261344240040e-04
6.583884572153324635e-03
1.292327228817913981e-02
5.770481346538361977e-01
1.277038239460539701e-04
7.428640921800104590e-04
2.349469027904013652e-04
1.485734462437007898e-05
1.365642474267360698e-02
2.370213123602029487e-02
1.721178390528499370e-04
7.751972575297882972e-01
1.938160145962573378e-04
1.256341165597985260e-04
8.030104121880651119e-03
2.312686275704231229e-02
1.868657265213244508e-03
2.669659662720064511e-02
5.463938496596858901e-02
6.842065101514012947e-03
2.501885124968787947e-04
6.399455986469073819e-04
3.907867299102677611e-04
2.973167938836520502e-02
3.761534072443039277e-04
4.170982668003410561e-03
5.982992985320356900e-03
1.040904714065032377e-01
6.211423093789143757e-02
5.932432409429040654e-03
3.035301227083841633e-02
5.741050646781797537e-03
4.249261296079497562e-03
3.966369042782759186e-04
1.772799656242988857e-04
5.098237232143197715e-04
9.408613491480677382e-02
2.360695314974281880e-02
1.037927293171582444e-02
6.641839317692830452e-03
1.081615488133218271e-03
3.710607256039550467e-02
2.991208449407312554e-03
1.642357442695601853e-03
7.597726147547135276e-04
5.020015412207012108e-05
5.860836225848996967e-03
4.205190578279101749e-05
9.740395519370529222e-04
2.657169895927277269e-03
3.571901705329121220e-03
1.217340390905643534e-02
7.702994581816173265e-04
1.970528164239729384e-04
1.464969004799923256e-03
8.559461385364872804e-03
1.495457197764481216e-01
1.746184811637089369e-03
2.089988460079362283e-03
1.105177179515076110e-04
7.501707179630845825e-04
6.730072160685259615e-05
1.278711820811003451e-03
4.328488182956577099e-03
9.418058835963326325e-03
4.887238031675133348e-02
1.394684904950831417e-01
3.767786609937193707e-04
6.997682750489257189e-04
1.833040557784388139e-02
9.103599821216338400e-03
2.237286037693867781e-03
1.996815242082934465e-04
5.836000414423278505e-04
7.986165056983585532e-04
1.420212410225053703e-03
1.396533737465535836e-03
1.312456766916917338e-02
2.299611588625585235e-01
8.050049406808368335e-02
1.755316222604361154e-02
5.497582652396386035e-03
1.739674568882054392e-02
6.650631464256795938e-06
3.011085781466317848e-02
5.308964808964069526e-01
3.059207840458770811e-01
2.284570754363218076e-02
1.238656016500616066e-04
6.951376518558770789e-04
4.663403188485671508e-03
6.327018329017637796e-04
1.145154298205109267e-04
2.326713509541152372e-02
5.486106907382825920e-04
2.148218370254072543e-03
4.515312416125486991e-03
7.519236731044938449e-04
4.891795214801351183e-03
1.573790696592397467e-04
1.401134588933353881e-02
5.072145760715289498e-03
9.612144700969294311e-04
1.000408822592919883e-01
4.553070542277593558e-01
1.795689950648383590e-02
1.471187071832999503e-03
6.036470602904472384e-03
8.996195772364645672e-05
8.746032422891908409e-02
6.351982349978201525e-04
2.433228749961652282e-02
1.356977650162955462e-01
2.395145394129011007e-01
1.177908422529044818e-03
1.999596314137767894e-01
1.882229321843389199e-03
2.262172335866920821e-04
4.547144359970772300e-03
1.136855026155339434e-04
9.418316679141702785e-02
1.819832200312807412e-05
1.003191733767477047e-04
1.294135778119296124e-04
2.227364635389812502e-04
7.622646239131674597e-04
1.450173229134318204e-02
6.327564046228886969e-03
2.135418390878664543e-02
5.911814710145766455e-03
2.984349031514269002e-01
1.091965489638866034e-02
1.484084398981443250e-04
2.374597041839964374e-04
4.886589711041181006e-02
7.620764773589801028e-05
4.345153904746052419e-03
5.799070419887484727e-04
2.916880725518718079e-04
2.792077660632771505e-02
2.491008691606825371e-04
3.587245798341723302e-02
4.952280544169277571e-02
4.016995006837531176e-03
5.200477080386793800e-04
2.034268802249051405e-02
3.750459939636198448e-02
4.807951356607951046e-03
2.909095871397559055e-02
6.188747959549659866e-03
4.860585944455803661e-04
1.398907042978990390e-03
3.260469848957571015e-04
1.137807567437834101e-02
1.389843342271093095e-05
3.880915182672427504e-03
9.058440835714447095e-05
7.880454506308008167e-04
3.967698789349397015e-01
1.250401892805849159e-02
2.627245814999113176e-03
1.720298081423085276e-04
1.418274062951203462e-03
8.641648912541708902e-03
1.140362905670739158e-03
3.415524154736419068e-03
9.375449515665428002e-03
1.399681831573469540e-04
1.365141985887871438e-02
2.881156302560364951e-02
9.553184677648001166e-01
5.241173458786607675e-01
8.902865587914605694e-01
8.352273385938361328e-01
8.670015540680523491e-01
6.055659147488082206e-02
3.099695434811717831e-01
3.483437390241401754e-01
9.564966454506164117e-01
3.888678855390411554e-02
6.553112030902389362e-01
5.977583385693301388e-01
4.468507203553633012e-02
9.650821850935383805e-01
8.466849864514376378e-01
2.748010016818151768e-02
8.245855892658404684e-01
6.705248863554391647e-01
7.586191143456851860e-01
6.245787667799467258e-01
3.262437180010440696e-01
9.872373752360291688e-01
8.927020512848763412e-01
9.100136722016914648e-02
7.861138120690038811e-01
6.603323357233785718e-01
4.868417740523259263e-01
6.446313876962106448e-01
8.842047241003140323e-01
4.171283800975948974e-01
2.085457494597005856e-01
7.986593804870341096e-01
1.196020285117763982e-01
9.249901441055286000e-01
9.924838005689621268e-01
1.562748513116626603e-01
9.305843883335934708e-01
1.383292766676730290e-01
7.603842535427416394e-01
2.423864808324805165e-01
5.525180666506706029e-01
4.226699235269201771e-02
3.271316950997817385e-01
7.968490568924971873e-01
9.107710284883542562e-02
5.516817965719730266e-01
6.493607277942107237e-01
6.118155591888028155e-01
9.673569939308852561e-01
9.771665295836498011e-01
7.636205137210491101e-01
3.476217060079754284e-01
1.848453854400953777e-01
9.218552792606302670e-01
4.190140041584638486e-01
7.597936184465855503e-01
2.453381403769369917e-01
2.005924856811323320e-01
9.871428664791116470e-01
5.075458850431510127e-01
8.760399403824127296e-01
8.510312676970631651e-01
9.557423397183657521e-01
1.379799742017063513e-01
2.683915978487559362e-01
2.243403418194978016e-01
3.056199724348258873e-02
1.951536405594637147e-01
5.833150500451895759e-01
3.605875393073729729e-01
1.255684128694335155e-01
3.472029422624885453e-01
6.514149964665856274e-01
1.206355220902891046e-01
1.338760966826915144e-01
9.620452360654231372e-01
4.976022923053253777e-01
9.217181546526984626e-01
6.009123216282924451e-01
9.935228121206040042e-01
2.789225522387542289e-01
7.773328197032335352e-01
6.746994933434373731e-01
7.520519258193109069e-01
3.907180897294372235e-01
5.631544669748346221e-01
1.204903664021475113e-01
5.438526857700104467e-01
3.252118989790157150e-02
5.581883376035742250e-01
2.916525083304786214e-01
4.787744666961708806e-02
9.084223771261640268e-01
2.793019921455176524e-01
3.323003584444225167e-01
6.143798600345636851e-01
4.315623221452571934e-01
5.333007180457969287e-01
9.292484848360272887e-01
6.644907296575403022e-01
