2.862495135882808794e-01
6.916795280120110467e-01
1.783721111017933791e-01
3.425178552731957676e-02
1.068616703322622929e-01
3.727516856431627862e-02
4.314330156228605474e-03
1.931674939329509205e-02
8.659964033056657268e-03
3.415453895183594435e-01
5.887624688338179840e-02
1.085849608913911669e-02
1.674562081198897046e-01
8.942513355558514565e-01
2.165876908702901033e-02
5.203664248659476028e-03
2.564274020852709834e-01
1.424496448965557036e-04
2.192530338881808292e-03
4.542355905466752830e-01
2.909218039214726337e-05
1.793075055926139361e-01
7.669537213071736179e-04
8.805406636191991446e-03
4.491961064608232437e-04
1.775756246578831798e-01
1.012011839740213073e-03
4.301069405401137385e-02
2.370336140997936561e-02
5.124751867473246181e-01
2.039868312884193183e-03
5.824700023768958519e-03
3.446673743557925329e-01
9.981285030569083403e-05
7.408657552807015358e-04
5.366694189755695510e-04
2.945627202949920032e-02
2.454197909937218536e-01
1.994227426730966687e-02
1.173283439619812740e-01
2.015442282165462798e-02
3.124722886924103087e-04
6.065869521651008622e-03
4.888720395725554974e-02
2.943438834686865676e-03
3.315860782639714222e-03
5.065884103621488554e-01
8.859345042917680935e-03
1.149995254597376178e-03
3.001641669294523029e-01
9.112971429470628770e-01
3.780413345058187408e-02
3.589733684146173207e-03
7.374246235225135893e-01
4.494400429051469970e-01
2.305759927061659751e-03
2.426833655094688680e-02
1.366491449973278489e-02
6.309159149669307928e-04
1.474493895191787522e-02
1.045473775892700590e-04
3.253920592683371554e-03
1.560615469694720363e-02
1.949323838850800239e-01
2.605268896480031262e-04
7.584032920140406642e-01
5.773934722343841306e-04
1.169457602538196686e-03
3.286402953917508252e-02
4.961847737598959474e-03
4.625039629211299443e-03
5.607062451869709863e-02
1.699890085736664204e-03
2.110083160320770368e-01
4.537807114337733538e-01
3.318964035561735399e-04
1.402961860646888270e-03
5.391469510532937402e-04
5.920110249803593738e-03
1.804753302977990248e-01
9.675255209277936475e-01
1.266124952971698914e-01
3.257831275668554159e-04
1.681388907523814367e-03
1.663432519380483345e-04
9.008999352663447230e-03
6.992917922370484041e-02
4.088908925502284116e-04
4.174698334585401176e-03
2.240694975412840882e-03
3.069287308137255699e-01
3.503454452077532921e-01
1.215840456961433469e-03
2.703512743239112545e-03
9.780717859145098281e-01
7.464360202528084187e-01
2.203078002878721211e-04
1.712486121269310435e-02
1.398559686607443817e-03
1.436582268902760195e-01
3.372480601733362105e-03
8.563844722688374045e-02
3.131161868361845846e-01
1.630034736286480046e-02
1.753815560588659755e-02
2.355946960275910260e-03
3.755337496747411519e-03
7.644322764765693968e-04
3.378545468740981605e-02
9.247666581447780421e-03
1.326852537998165771e-01
1.409142975613867580e-04
1.638409712238597486e-03
7.081781073750185312e-03
3.385946311677634848e-05
3.566901669796979958e-03
2.348988474668811666e-01
6.469374818003657674e-06
1.793608099669390110e-02
6.433857433769871736e-01
9.404546304521329550e-05
2.262218635441090239e-03
3.695605950409635784e-03
1.810060672170624163e-01
1.444176033190840702e-01
1.530319129895589547e-01
5.743390263045823618e-02
3.460671476876007735e-01
2.007224800016266936e-03
2.285593992060988913e-02
2.332158048086918969e-03
7.877316849480597502e-03
6.692694180359621825e-01
1.661003777276147050e-02
1.225287522867722981e-02
7.111842116130134839e-02
5.297861836576664126e-04
3.795711769849600958e-02
5.497839192220760655e-05
6.687925489003907192e-04
6.072435149639802444e-04
7.096956423767387945e-02
4.350860059298947841e-02
4.280297743276432337e-03
3.545738720990437051e-04
1.893958875428493804e-04
4.681562917686637841e-03
3.647721368074523587e-03
8.572649817135715973e-04
2.676131333098534515e-02
6.838067755140520010e-02
4.042238541720013546e-05
3.662710300555060451e-03
8.310663824736927603e-05
8.194918766264660537e-01
1.633875355716014333e-01
5.653920548412588558e-03
1.096297281866448568e-05
5.041221147125181205e-03
1.514135020412605203e-03
5.162992922754813252e-01
1.690956609591476876e-03
7.104915027198992357e-05
3.025303566798365554e-02
2.381546187390302938e-03
9.222513879792572089e-01
4.552644496002664076e-03
5.167166279887097820e-03
1.396187934993479281e-05
6.824866036516427648e-03
9.233220668765269173e-03
1.911617737993226082e-02
5.617516950696315181e-01
4.122699357280167759e-03
5.033467212516666844e-01
2.893919255468214158e-01
6.156788653647744525e-01
5.584795271407953093e-02
1.151019481183622045e-01
8.172920851058204997e-03
1.430233279912682814e-02
7.587940855322776457e-02
6.031006764971034301e-02
5.997448789853090760e-03
7.578415146122685631e-01
1.961427844946179826e-03
5.052163180974180443e-04
1.349556034572718943e-01
3.561012213263218835e-03
3.590607042958146155e-03
1.387711793981591868e-04
2.264151941298193568e-02
5.303661245937891025e-03
5.803422549603723347e-04
1.510627047287164681e-01
2.330623045434777830e-04
9.885194623326508823e-04
3.008290645572501143e-01
6.586006496289206202e-01
1.628925859065925297e-01
6.605929891271804244e-02
3.287068937745615121e-02
1.304426231111826227e-02
3.726998793090501721e-02
1.540822789101287810e-02
4.502147985552391041e-01
2.496342572555101391e-01
1.319967960828126452e-01
2.516215795474065556e-02
2.111888838881850056e-02
2.670401885297826565e-03
2.821464030863723573e-05
4.169812395031265856e-02
1.052215621327383666e-01
1.454824163947443239e-01
2.245562070057089202e-02
6.927463588579721443e-02
3.951464482301062821e-03
3.795828057831676736e-03
5.571033052933928031e-01
1.008821000571835658e-02
5.838930168986062111e-03
2.880828307004961245e-02
6.876814775420061468e-04
3.516167980267838056e-01
4.112487087817992548e-01
3.320946677500263289e-01
1.473054035087851751e-02
3.484504720180272002e-03
6.392200194823303115e-03
2.158184228666236437e-01
7.539187764805024838e-02
6.322383366503712791e-03
4.973368265041289843e-02
1.765913325228123110e-01
1.409758013898175857e-02
1.891532965066990493e-02
1.764222344046979529e-01
4.003621041258093732e-02
1.922175568161581564e-04
3.608110652388524242e-02
3.721541408422796016e-02
8.769890511852633866e-03
1.560483248054514091e-02
8.460787941850633764e-02
9.886537209377829205e-01
2.979358362088795342e-01
2.452527870790028319e-01
4.778946250574769850e-02
8.155229761119725529e-02
6.316885223975123032e-02
6.379143605554465912e-01
6.230447053332513387e-04
4.342545093893943465e-04
7.755423985334523179e-03
7.175145976555630245e-02
1.167816137735699228e-01
1.290780970612225367e-02
1.800448798127875704e-03
9.168570273826781906e-06
1.123379923945103109e-02
1.341251677079660642e-01
1.642085451456975153e-04
2.601562105020949200e-01
8.197001666181273627e-02
1.028987997494195533e-02
3.670826492059018394e-04
6.169924823960146743e-01
7.505683748751590390e-02
1.365236735535750416e-02
5.248080261047200629e-02
9.020478439501109294e-03
2.739404875163227015e-03
5.432321258396598934e-02
8.066389068312076679e-03
2.306578085800950820e-02
6.630561262491171948e-02
6.602149567986033141e-01
3.373935840062115460e-06
9.303042442185306682e-02
6.588681051685872925e-01
1.352340151682692726e-01
1.032375308934667529e-01
7.283707946280196244e-02
6.645759659580083301e-02
2.911390041354953561e-03
7.377483384434302405e-01
1.821835602100034535e-01
1.743792908797017760e-01
8.696734052934241427e-03
2.690598220020929527e-04
6.447580432115407323e-04
1.219911862781804801e-01
2.868791030440647968e-02
1.512124673881855563e-01
1.062994374747692670e-04
3.421502711954501064e-01
1.195869601497136046e-04
9.268281670974218636e-03
8.641761688129783597e-03
1.051220931665654279e-01
4.523618052859227912e-01
2.970122126738571414e-03
2.373930118821206484e-02
3.409690302829209135e-03
9.752908889142072109e-05
5.573915506518817981e-02
8.896624402971817919e-03
1.320235788446602783e-02
9.778878768185372480e-04
1.839548600260900724e-01
4.115197080476939366e-04
4.384118402892963479e-02
1.685658948586648553e-01
4.063066791987969182e-05
3.832875386957352356e-03
2.040365149552010871e-01
4.637336518137353918e-03
2.371783826319773364e-05
1.945909376345613534e-03
4.809096536737894612e-02
1.881849395735989226e-03
6.195410242177479265e-01
2.240463522403832695e-03
2.282382196808049879e-02
1.218107615498063324e-02
1.913121758750155679e-02
1.259729328545938570e-04
1.579235200133175324e-02
1.604729245599198773e-01
9.515993446065677819e-03
1.370042990092887585e-03
1.196547966365610338e-01
1.967647620246100676e-04
1.903006001487090315e-01
5.039026255385455899e-01
5.616802032941981557e-04
2.837897200239223171e-05
6.275617024560382617e-01
6.732083805046307212e-01
3.159952945616899804e-05
4.407240086508796314e-04
9.352869911511582646e-02
3.165030063124083318e-03
4.951780081613431639e-01
1.668067176328025536e-01
3.374677041988572990e-01
4.619440556914156670e-01
6.844816171148216943e-01
8.264792889731660541e-02
4.430927782691064065e-04
5.246888142906974695e-01
6.924781604776507056e-05
1.742918499073433866e-02
9.451629189692031252e-01
3.059084119222331422e-02
9.438673778732321606e-01
1.002343773322932202e-01
1.055405611984823189e-01
6.577720971668922759e-06
1.847392679654494591e-05
2.585736455751292961e-01
9.970966875016842312e-01
5.977168178849900926e-01
1.321036265310431435e-03
6.960180328926633816e-04
9.410954174061997475e-04
1.597242758296558707e-01
5.791379882348919317e-01
1.511848996795058919e-03
1.901649008710096234e-01
4.584630966691094489e-02
6.903752407646658318e-01
1.131985933366014995e-05
3.470406145122157011e-03
2.332891225864967757e-04
1.525636509025640464e-01
3.334977563853825516e-02
9.954056852618676371e-03
6.022300359193516472e-01
2.177932665851997351e-01
1.050416177387840074e-03
1.607597815443941591e-01
1.212835610470941114e-02
2.520985389914277008e-01
9.980983037527009216e-01
1.019745791706934239e-02
4.734061953293153854e-04
7.689327105098412440e-01
9.719531153735387896e-01
1.718768239925250749e-03
3.807351503334697324e-04
1.061279611050127691e-01
6.348958927946480972e-03
3.174777554422322443e-03
2.659912611119931714e-01
2.159897758998613818e-02
3.388483935699979771e-02
3.143239944467673963e-02
6.405078683959690433e-02
3.118469834320925504e-01
2.633066592923039573e-01
1.664084981905134702e-04
2.910531670040728686e-03
1.293681611868450522e-04
9.826290800259769587e-02
1.515498288211288014e-01
2.939305525890047524e-02
1.305121945189227084e-01
1.330790005531433950e-01
5.262800575512206237e-03
6.215446128834982431e-02
5.926977162204943861e-01
3.960371051361114003e-03
6.280630810579577138e-03
1.191613996930053765e-01
4.581688566757149972e-01
5.783064920813966829e-03
1.386871760429230285e-02
5.704070697292657963e-03
5.405541664681891983e-02
1.372909995020893436e-03
6.871257820048303974e-03
2.176630603565151074e-04
2.673711420042640917e-03
2.566482753381924258e-03
2.875035250949034213e-02
6.773591963251122776e-03
5.813306329934452010e-03
9.403094249375664182e-01
9.720286241243502046e-01
4.320289245087736985e-02
1.047583079690623467e-05
2.197230256543779292e-02
2.405797304507705653e-02
1.863740874545564020e-03
1.391094171498191354e-02
7.151616918048359084e-01
1.787156653986642866e-03
2.841301605885048209e-01
6.690398771535641109e-03
1.496526078758270983e-01
4.492901423181342498e-04
3.896894221591170465e-02
1.722671847787718338e-03
1.180245430718257320e-02
2.632225222629483181e-03
2.145813802881241412e-03
5.442249054177486414e-04
7.464525778969065273e-02
7.919541794168515059e-02
3.086038809286687501e-01
3.197724062868588513e-02
8.437234291827713090e-03
4.374093884927746437e-03
1.529123425838419814e-01
9.361477937727269438e-01
6.201602654238930201e-02
3.657996634574230826e-02
2.071051499060390638e-03
8.810642562617135645e-03
3.957588590147914642e-02
1.594874796668651132e-02
2.200932996589386598e-03
5.854343895735366439e-04
2.472188191801486315e-02
3.666845078101506881e-04
3.546123033432575788e-02
7.906580252634347328e-02
1.074705559565837694e-03
9.531978676518834681e-02
9.554230281556928828e-02
4.243654725529809107e-04
5.202652490643340510e-04
8.318497607126983454e-03
2.251960654824204655e-01
2.042062045000514123e-02
6.313084890202216859e-02
7.393072827558759032e-03
8.103318608889462484e-04
4.783005635814480822e-03
3.082591610377291656e-03
9.596743180146141954e-04
1.374820780946905442e-02
7.804020093406480729e-01
2.192699917164166873e-02
6.322905793711908022e-03
5.111579570165891706e-01
2.712471843145627254e-03
1.216920088519197801e-04
8.332524184514018550e-01
1.743276852243998143e-01
1.023051067690164267e-01
2.087152592857720035e-01
1.102088520383840331e-04
8.584849177634825551e-03
5.742513890609050355e-03
1.235932033079746757e-02
8.436464168715345213e-01
7.082612298388578668e-05
9.733243701904446821e-03
8.552169771693451938e-02
1.983076980629829705e-02
2.173278356860886020e-05
8.617914406274001377e-03
8.587023946709578404e-04
6.649901227673898907e-02
1.652541900764577937e-02
2.173426397989322856e-01
1.154959638516557946e-01
5.279418643272845157e-01
9.517019455995744392e-01
2.602949652942616442e-03
8.035058638982579549e-01
1.992995575572209521e-02
7.293447259491681392e-03
1.147084808704057751e-03
3.241069334995639478e-04
3.344222251183461281e-01
1.277784206612803542e-04
1.245983660764992396e-01
1.126694128795385080e-01
1.978280523249956527e-02
2.846718000663983061e-01
5.180262559785157039e-01
1.054367216982930386e-03
1.798734549620502610e-01
2.103728186690435105e-04
1.450633547573175469e-05
2.137392187989510788e-03
8.356243343140702662e-03
1.358657947468298183e-02
1.437833914140529239e-03
3.600413036382947851e-01
2.443026906963122712e-03
9.743509855521547136e-01
1.378229360192841611e-03
7.473849441686467206e-03
9.957304375734445014e-04
6.082281401766009496e-03
4.882275900654843613e-04
4.092571417044184590e-01
3.963251822492596809e-04
5.255837058282676610e-03
8.527570627134478665e-01
7.878397897321461367e-04
5.331408204209250358e-03
1.480859252229332623e-01
1.121052472219929985e-01
1.220875282099864734e-02
2.938616796515244699e-05
3.255655630889085534e-04
2.958363635538688655e-02
2.659859517202105023e-04
6.282404915052205996e-03
1.998837446207837876e-03
1.643895949466054208e-03
2.083457811839277158e-03
2.408816908891193032e-03
1.123247633156657273e-03
3.837596740638856102e-04
8.748789414110483276e-02
2.704386296768407361e-01
2.682264882444752754e-04
8.406950260487878746e-01
1.220065118230292955e-01
2.309211763336147666e-02
9.150701717759317927e-03
9.897259015290227682e-04
4.067910238551010194e-01
1.738051954577089081e-02
6.265706513959783813e-03
8.727868795866388371e-04
8.084763205400005148e-01
1.253644416364787240e-01
4.047562930332429532e-02
3.193244108441637644e-03
1.081233705060120042e-05
2.743549747231083594e-02
3.066826729889541095e-03
1.378824610218345320e-03
2.672845242593842232e-03
1.044123364544112499e-04
2.389584911938547884e-01
2.989088344219847058e-03
6.521055946309924911e-01
1.365662306757503275e-01
2.383320309547762583e-01
2.501499526102157409e-03
3.087323725845119576e-02
8.275632760453008885e-01
4.003835112226908181e-03
1.812436534468689006e-02
8.778160550820207630e-01
2.718173237878500001e-02
2.282329360077394213e-04
1.880532516855966951e-01
1.660984252463101538e-02
4.419371749665916560e-02
1.166232968155187649e-01
3.068709772492600116e-02
2.997254261184477994e-04
1.245897461188739692e-03
1.660969717518906708e-01
6.391424472129360046e-01
6.345608172025359039e-02
6.083809299608778677e-03
3.576236738655686614e-02
5.356015776471821296e-03
1.913427054192653283e-03
2.334931787701227113e-01
9.679442063614389635e-01
5.150536393021866183e-04
1.261034760654980804e-04
3.082704913098417970e-03
8.387045949891841490e-03
6.442759064632245895e-03
2.940945484325673247e-04
5.218330099355040358e-02
4.294267689597332516e-01
9.615860664542541514e-01
1.023309005788647147e-03
1.503534752337498948e-01
2.145415528222173159e-04
2.483410190516590829e-02
4.700836570685934523e-02
1.304129595999274638e-01
8.718953896571131346e-02
6.191849095652163237e-01
1.309529171050405208e-03
7.098205173468850188e-03
1.452097599330349001e-02
3.978106638373874460e-01
1.908170504927706086e-04
8.867899723542417220e-03
1.315383421320028568e-05
2.078950163893213219e-03
3.274329613475948728e-03
3.159332615820889447e-03
1.794792546355332852e-03
3.552296665288742772e-01
1.203872640290340499e-05
5.533388766566811612e-02
5.168412234023638625e-04
3.521653733387435092e-02
9.281976082632072350e-04
2.310244026446697796e-01
2.582375561211039949e-01
5.384901202702161438e-01
1.068948257105140900e-03
8.366351475654978387e-01
5.187169597926697406e-01
5.370826450604831992e-01
5.076067728734478222e-03
7.052082338577505549e-01
2.474026581295584414e-03
6.888810898196769950e-01
3.127765378471333846e-02
3.397027188467897918e-03
2.511161280877934753e-06
4.616426680268233967e-03
3.926147670156726610e-02
5.995508665477165648e-03
3.949565343672011841e-01
1.253499812585109341e-01
1.537981171389061000e-02
1.266498577236242979e-03
8.653440451540242440e-02
8.188437768133573214e-02
2.520347826694585569e-01
2.151251444847253336e-01
1.980162246460935027e-01
4.308183908709810050e-01
1.284062286469911471e-03
1.035848075627046313e-03
4.928510682345080924e-04
6.745162795566131408e-02
6.667462503876709912e-01
1.196000075997051132e-01
3.185876608549913502e-01
1.323242318193358358e-01
4.241556170050038996e-04
5.020370412964202458e-03
1.961306469640855879e-02
6.783226080833665295e-01
1.782339051381822900e-02
5.743425998375771835e-01
1.154217769561338702e-02
4.112620283572491348e-02
1.039147319046510032e-02
3.170133339889805169e-01
4.726388444436733366e-02
1.002079468135443491e-01
3.196309337844629450e-01
2.193499981653679581e-03
6.120163101994404581e-02
5.205523496685614607e-03
9.418181943618608623e-05
3.650108777187169111e-04
1.566840002058735026e-03
5.574915671266047036e-04
3.808657658875759522e-02
8.385248884171456196e-02
2.140832680902348024e-03
5.530339244854301506e-02
2.964400178707899455e-03
6.602935671951905283e-02
4.395358340500431921e-03
1.309945994542310310e-01
3.914919793371040950e-03
9.996669073590077614e-01
2.131912648917157552e-03
3.890663486109988242e-04
1.380823619383622506e-03
6.804476385699296560e-03
9.830404493734347104e-01
1.003512289118732668e-03
2.881268910790395488e-01
1.002418111805681022e-01
3.995024064052037915e-01
1.608188394873532878e-01
1.819989198930807572e-01
2.050707901552328016e-01
9.711091360772085290e-02
2.282379664875337430e-02
4.184019830050689399e-03
2.533162963727593128e-02
1.463359451264601707e-01
1.374167614069274623e-01
1.282782442800292850e-03
6.543238287678133751e-03
1.161975988508451123e-02
1.690335797731275098e-05
6.198244903988383604e-03
2.256165389602595717e-01
9.615232238106105611e-03
3.677778359770371083e-03
1.005703309475023816e-01
2.599347420631611949e-01
8.541777106270097286e-02
1.851146302271866884e-01
2.360352571733514071e-04
1.268271124435758346e-01
3.896633723317658848e-03
4.823401078865985347e-02
1.231857527149995968e-02
6.213387519548362742e-02
7.954332611271204279e-01
2.305052065943443557e-03
9.115665618484822610e-03
2.835326578646472310e-03
5.707512813253953210e-01
3.155039462901213128e-04
1.795908180783636465e-03
1.655635364896259898e-01
9.012595129888295413e-04
9.358357787542138650e-01
4.084405455444368171e-01
1.884062076271246222e-01
1.114069849889519868e-02
7.353136688006615788e-03
3.401598380683994172e-02
4.225702871306848407e-01
6.400052912873394864e-05
1.943297097488803915e-02
4.752636961917065805e-02
8.205506664464086442e-02
6.245311571422737171e-03
1.326209510673716230e-02
3.838487272340635470e-01
5.042637324292192913e-01
1.966665193834357950e-01
2.692197477142295736e-01
7.731983552374495426e-05
3.294218224583223020e-04
2.336464205094589824e-02
3.449123271155991599e-01
3.629028016038660272e-03
9.293014929460462203e-02
1.389066156167347932e-03
1.386840194502837525e-03
1.495459377407470578e-02
2.406239664288060687e-01
3.347008365380879473e-03
3.758316842980127109e-02
1.337240404036702142e-02
1.399002776676611277e-02
8.388155592903049035e-05
4.891500304707739333e-01
9.390713785193385756e-04
2.771837371789179563e-02
2.534102782903315670e-02
1.835962921148457661e-01
1.139472891886614825e-01
2.202095987417858891e-01
5.792260809665661370e-02
9.066031722502499455e-04
1.823214912102243956e-01
3.877818982236683892e-02
4.756459921790665707e-03
8.909862801304188585e-05
2.280490953362198092e-01
6.007772197888852639e-02
1.248208827751091064e-02
1.253422196073832864e-03
1.971830481114965295e-04
6.852336582787035280e-01
6.124050220238764315e-04
1.901337263163060259e-04
4.099950475566812837e-05
2.550120119365344162e-02
2.512404881794226275e-01
4.035070622351587775e-03
7.938215889205206821e-01
1.899390100786793600e-01
3.326417372311582521e-02
3.423371054929864182e-03
8.728761717753294458e-02
4.927645176844692304e-02
1.737332287964772348e-01
4.349978986807560150e-02
1.853175519269513113e-02
6.958574318012570314e-01
1.561670019403292031e-01
1.415796324202249067e-04
1.165176814358478627e-03
1.843343469628576370e-03
6.051184414345794037e-04
7.476620631538993811e-02
5.185172007153498169e-06
1.672553904045214358e-03
7.251489556804091574e-02
7.121226673937232354e-02
9.662131748248028451e-01
3.608118546158233658e-04
3.124186431942309328e-03
1.268385677984641647e-03
2.689167956317890272e-05
4.279308303747397096e-02
9.399472623573396080e-02
3.472879197673350458e-04
9.869615010481850303e-01
8.152538412654220662e-04
5.034087138777847961e-04
1.535690817490679982e-02
9.781860839515188477e-02
8.880901016384893515e-03
3.617998822791724245e-01
2.945881007517428540e-01
3.194058322593993499e-02
1.422059635313513209e-03
1.284766237267933502e-03
7.858350476222912290e-04
2.653139969501152606e-01
1.094302294531317426e-03
2.154714845092509101e-02
3.887332659042823380e-02
6.997265724454040381e-01
4.244931174574914090e-01
1.166039127272537439e-02
1.915105414706249898e-01
2.584880417974301167e-02
8.740659443643453153e-03
8.104278379321488632e-04
6.755449050905776081e-04
2.064866234780901588e-03
4.962074773327977972e-01
9.621139420507478224e-02
7.465447190099978869e-02
4.127768439300529696e-02
4.627801865395024701e-03
3.785360287974973148e-01
3.585521643066783351e-03
1.345578420911752032e-02
2.262364960303212165e-03
1.192506605757670584e-04
2.077446562458898013e-02
1.661650004787756078e-05
1.094390300964292973e-03
2.849285707218970898e-02
2.933414819564100079e-02
5.253620614966488661e-02
9.273851316152692190e-04
2.963443149285242655e-04
7.962251766159980995e-03
2.843409652391769293e-02
7.169161504837028298e-01
8.387289663330028955e-03
1.505330001624896955e-02
2.201105144116466124e-04
4.262651282087150627e-03
1.268968006729782351e-04
1.830590205005753687e-03
4.651288256611678384e-02
3.631092248843541259e-02
2.621715227418546235e-01
5.343858258582384613e-01
1.275342271120249353e-03
2.660375027343444328e-03
1.493148990661637421e-01
6.111458988174105905e-02
6.858945522577168143e-03
4.078036088966039124e-04
4.895112157792083944e-04
5.104879435518069192e-03
1.299368564833263892e-02
1.397470025365991388e-02
7.219140053925768297e-02
8.089074000172372658e-01
5.091203193687197093e-01
4.853031171112045378e-02
2.239086720017479520e-02
7.094339822009304575e-02
3.649734004058572829e-06
4.164354080145615811e-01
9.535450898058090985e-01
9.154873967122404421e-01
1.518057499872441374e-01
1.953690522735212381e-04
7.129734668447927637e-03
2.546748701882202426e-02
5.351271101047607240e-03
4.151388731494613251e-04
1.667684285369522013e-01
1.925601694416497270e-03
4.803866867342994687e-03
2.020142053698118639e-02
4.724856434472231130e-03
2.846938653498452126e-02
6.656883683246406442e-04
1.410866377133726812e-01
9.706039117252004619e-03
5.492318325807181954e-03
6.152280696610002986e-01
9.006311516374658765e-01
6.461840214235832491e-02
4.371422264417472101e-03
6.935579690767733341e-02
5.490138296344869472e-05
6.285293450809543714e-01
1.245196957301171773e-03
1.452125592255354980e-01
5.173312225269630638e-01
8.443495704605386010e-01
3.219302304452294379e-03
6.248387897836736871e-01
8.474829149621184929e-03
4.942304725259493749e-04
2.442633834111550967e-02
4.396934061781952513e-04
2.390423424728014556e-01
1.921805495518240096e-05
1.956273100372601362e-04
1.618738151901994826e-04
3.762986061863330171e-04
1.839395480020481876e-03
1.028549078117345222e-01
3.974045723969384797e-02
2.225312927493149628e-01
1.722002439661259737e-02
9.202556287836802795e-01
7.634201600473095040e-02
9.200172114901030698e-04
7.169361327822974675e-04
2.451552740036767875e-01
1.051918938304169653e-04
5.996681873643428667e-03
1.658064990961056594e-03
4.100597169393418225e-04
2.219972654435918846e-01
3.020996470595815973e-04
3.288291765262209010e-01
1.523043513191197074e-01
5.527591381238537369e-03
8.929802099863760846e-04
1.432590612438690292e-01
2.820693838660962571e-01
1.900532502864793125e-02
5.108354702892620169e-02
1.350315510503174478e-02
2.140248519206082185e-03
4.576661510135286541e-03
5.949796605296545559e-04
3.757385799212764610e-02
1.125844852694374687e-05
1.416805197976395148e-02
1.844062325453111012e-04
5.843141259938732478e-03
9.367771246460276924e-01
3.478350353308218984e-02
7.958658821623488394e-03
3.546764583874244302e-04
5.885180271470239789e-03
5.435265291239012309e-02
1.758523743979375836e-03
1.917648570410319941e-02
1.260570528601426543e-01
1.719867541837029053e-04
5.846115400887892666e-02
3.141600168980236973e-01
9.967916782940067222e-01
9.302251248612459777e-01
9.900169721303088144e-01
9.869782489198376529e-01
9.904678389134654592e-01
4.782515104230948277e-01
8.342134143399778656e-01
9.020420402014160954e-01
9.969705067503581430e-01
3.020115822412781093e-01
9.628651934905594345e-01
9.618496461818210053e-01
3.674567353887910892e-01
9.972466186649202591e-01
9.808373410817389226e-01
2.696854955911742735e-01
9.862825843061497899e-01
9.545928301961578155e-01
9.696170878618329825e-01
9.590956168624296119e-01
8.601538405376940588e-01
9.993417319407035260e-01
9.908586508223049538e-01
5.722777896826939381e-01
9.838550091628833760e-01
9.683578983942178198e-01
9.196311881817778033e-01
9.580841753917459513e-01
9.890824762274041948e-01
9.081471831364220648e-01
8.000560336253751403e-01
9.845275074816113303e-01
5.879502894132823121e-01
9.948269240599290075e-01
9.995923654210114861e-01
6.632396771546480441e-01
9.949866839931738038e-01
6.672355626208190671e-01
9.716138242107992262e-01
7.529373311938599711e-01
9.344280831976817803e-01
3.014829142113548133e-01
8.480499691745789770e-01
9.759585683988704075e-01
4.866815150824356229e-01
9.476634194762222352e-01
9.486330539763722092e-01
9.511457354281130927e-01
9.978110848515295839e-01
9.984232387143733289e-01
9.755207585295442296e-01
8.563948993372848539e-01
7.111720517689157361e-01
9.929071655021768361e-01
8.782201857079255936e-01
9.709163660327329026e-01
8.193485016739504578e-01
7.815201667315742062e-01
9.990256024542804036e-01
9.254231537450069434e-01
9.909713714119636752e-01
9.890027507888368152e-01
9.969127336871789202e-01
6.347026801049513445e-01
8.289854404462656534e-01
7.740421131211495664e-01
2.619025122723335763e-01
7.274465792620238291e-01
9.522289739868045055e-01
8.756680633721913853e-01
6.150433071009394626e-01
8.684688968913045759e-01
9.532726117961827228e-01
6.321707140280025117e-01
5.963124712702903008e-01
9.975700881097404604e-01
9.198570605231870534e-01
9.943195557895114778e-01
9.468104362866364143e-01
9.995489346785412232e-01
7.852720093319928152e-01
9.796383045061791695e-01
9.604162319930253933e-01
9.797668003627960642e-01
8.809501023838783862e-01
9.447668439064514923e-01
6.036105160720722784e-01
9.325155375054913209e-01
2.676354416180566353e-01
9.453193246981537179e-01
7.744267979798846735e-01
3.386258848294283474e-01
9.927189114820579308e-01
7.969648555719289762e-01
8.751387550574729612e-01
9.455215300867159112e-01
9.020035029097041024e-01
9.485477519016409786e-01
9.939743453490682557e-01
9.570808198948317358e-01
