1.850541846322602824e-01
1.221339719905485816e-01
1.208402616373732419e-01
1.228980009764003567e-01
9.455001448218854909e-01
9.166344427340057388e-01
3.094172006519643192e-01
9.373133492901688721e-03
2.276119698361222521e-01
1.893712076831938762e-01
1.697988128654588924e-01
1.204628113281275281e-01
8.264951693187038151e-01
9.183529949241645007e-02
8.515828583020126352e-01
3.990330702092301229e-02
2.916818454763346335e-01
1.511024934528887864e-01
2.709346267151688803e-01
6.277286785012069215e-02
1.451360313978057870e-01
2.210205182414514968e-01
1.217835661693017768e-01
4.461103025512532655e-02
2.213699440757401493e-01
2.223694525371002761e-01
3.786258794819347684e-01
9.810336689883690509e-02
9.849349132255015571e-02
1.151065868196119307e-01
4.122731647035260405e-01
5.835447885347051500e-01
7.017752019183846890e-02
1.849780272232928457e-01
7.394848687450625291e-02
2.901133223154383489e-01
3.640604707379960781e-01
2.808885690563469040e-01
1.039249926238335064e-01
1.820494395464642215e-02
2.285841287572642766e-01
6.813817319378581705e-02
2.029430088466710747e-01
3.156528358546532576e-01
8.914776375198309177e-02
2.237624553516371073e-01
2.562602882506516133e-01
3.698743033580688400e-02
1.411002175262359437e-01
1.568967866200122740e-01
9.317423109386295810e-01
7.358317853774715145e-01
7.832735400090652389e-01
8.592110939090189525e-01
5.865716022693514553e-01
8.450493098195458463e-01
9.096044734269349563e-01
6.675093554935751516e-01
6.507053989697714202e-01
9.565615246238994285e-01
8.961504840174154829e-01
4.227214011677853933e-01
9.773120910491405189e-01
6.752527086790643951e-01
5.098900436662107127e-01
9.794426126013893175e-01
9.524165333895222574e-01
8.125337863013594175e-01
9.021308745194240863e-01
4.217124915965785314e-01
6.251985744536747713e-01
4.783919927089085866e-01
3.509937083950617764e-01
9.847756440871672234e-01
2.575654925178211818e-01
8.465718444830965250e-01
8.244080632189314528e-01
7.248632925546335537e-01
8.394948190347617523e-02
7.632008777095177221e-01
7.534382668212104006e-01
8.902791394544072867e-01
8.930680556056426189e-01
9.624603204793484856e-01
7.665567731124037776e-01
9.547565026223239215e-01
9.955863711256023318e-01
4.095965267279611521e-01
9.809153553746164933e-01
8.975230927262490832e-01
7.352798288750443945e-01
4.907119034592654083e-01
5.643734387696767163e-01
8.609252219258602956e-01
2.191123204271221703e-01
9.477000278450018467e-01
8.910080462998105633e-01
6.731576175855291666e-01
8.273584452028379665e-01
9.787802902583344622e-01
