8.399859280841541487e-02
4.128110028573268586e-01
2.118997458495903430e-01
6.142537912090906965e-02
4.316161561067009544e-01
1.892733547571508468e-01
9.996457497523019153e-01
1.701050538182591332e-01
4.514250745184963248e-02
3.194278965050606489e-01
8.112962509101545594e-01
6.284146922327155105e-02
2.776749288404229965e-01
1.718020856976741617e-01
9.387803872445575903e-01
6.151799267213298866e-02
2.134879149655681818e-01
3.053218265904774076e-01
7.764376724232555649e-01
1.797633212702538230e-01
2.535269188022618581e-01
4.595760217721196056e-02
1.908767531717532051e-01
3.625005334729079487e-01
1.159376328280706525e-01
3.032513871868575683e-01
4.170109465515665081e-01
3.639513675771460788e-02
3.275610685875868233e-02
1.250034216431108736e-01
4.880829422300053677e-02
8.186471576626117019e-02
4.172528214076275804e-02
2.281787375677594987e-01
7.361527456777507972e-01
3.599390062959876291e-01
7.442276388650043151e-02
4.662394293096879250e-01
1.010200990141726096e-01
4.908435665373978019e-02
2.394969497274684889e-01
4.267647906832607307e-01
7.967985523842251172e-02
9.601365767360438286e-02
9.143054682391312804e-01
4.386882845943411435e-02
1.644555650836417582e-01
8.685579746422907033e-02
7.186775775977267966e-02
2.408063385905696019e-01
9.997958994467767146e-01
1.933065978532680640e-01
9.996711070494963547e-01
3.895753108825212307e-01
8.516927572576252770e-01
8.967617387743925805e-01
7.200987844978236074e-01
6.052063553895201675e-01
6.427203858748110621e-01
9.496538151941917860e-01
8.274909489732318324e-01
8.429704838714442428e-01
1.820872036739763777e-01
8.806741248347565998e-01
9.643994529474368971e-01
6.514145281997587578e-01
8.288173305806419977e-01
9.986013479655968528e-01
3.793984062672764446e-01
9.481788080307040900e-01
9.773929255930846605e-01
3.118673429635324679e-01
6.300296556893052458e-01
4.262543321309454902e-01
8.019965093427480207e-01
9.912612335351718151e-01
7.102408576080692093e-01
4.702697736663117301e-01
9.819809330600178798e-01
2.499374977938668141e-01
1.603154260835742140e-01
9.998594856712508250e-01
9.681096750526312356e-01
9.342788365455435562e-01
5.085529893080501518e-01
8.779146160002188060e-01
8.046053813190180426e-01
6.497507034976363061e-01
7.524249725361656926e-01
9.999451393194888071e-01
2.343499816814918202e-01
7.145935849595819178e-01
6.952080880370518079e-01
8.040461038941789651e-01
8.352911083926480851e-01
5.221033808900943374e-01
5.030591574113358888e-01
7.232163425331089579e-01
9.979369265337389994e-01
4.142919505237552813e-01
